Room
15
center_island
3,3
width
5.5, 2.75, 3.95, 4.4, 3.6, 4.5, 11.0, 9.1, 12.0, 13.6, 7.3, 5.5, 8.6, 10.1,4.6
flow
0, 287, 223, 688, 961, 5684, 229, 10908, 5797, 0, 5684, 229, 223, 688, 2870
0, 22, 0, 0, 958, 170, 4, 0, 0, 0, 688, 961, 10908, 5797, 436, 55
498, 0, 0, 184, 0, 2, 0, 3177, 0, 44, 223, 688, 5684, 229, 10908
0, 0, 0, 2694, 1360, 7882, 20, 0, 1878, 1298, 44, 223, 688
0, 0, 0, 0, 309, 12, 2732, 0, 0, 334, 309, 12, 287, 223, 688
6122, 2, 0, 0, 0, 23782, 2, 4, 3792, 9162, 2694, 1360,498, 0, 0
0, 82, 2, 0, 0, 0, 1882, 0,1550, 12, 334, 309, 334, 309, 12
2, 8, 29186, 2416, 28, 77, 26, 4, 0, 15380, 2416, 28, 2416, 28, 77
0, 0, 0, 0, 2299, 2298, 17162, 28, 77, 26, 2299, 2298, 309, 12, 2732
0, 0, 0, 0, 28, 77, 26, 4, 0, 0, 2416, 28, 28, 77, 26
0, 0, 0, 0, 309, 12, 2732, 0, 0, 334, 309, 12, 3792, 9162, 2694
0, 2, 0, 0, 0, 23782, 2, 1360, 7882, 20, 0, 1360, 0, 0, 184
0, 287, 223, 688, 961, 5684, 229, 10908, 5797, 0, 5684, 229, 223, 688, 2870
0, 22, 0, 0, 958, 170, 4, 0, 0, 0, 688, 961, 10908, 5797, 436, 55
498, 0, 0, 184, 0, 2, 0, 3177, 29186, 2416, 28, 77, 26, 4, 0
limit_row
74.0, 70.1,79.3
limit_wid
3,2.5,3
corridor
2
adj
0,1,2,3,2,1,1,5,4,2,4,2,5,1,2
0,0,2,3,1,1,2,1,3,1,1,2,3,3,2
0,0,0,1,1,2,1,1,4,2,1,1,4,3,2
0,0,0,0,5,3,3,2,1,1,2,1,2,1,1
0,0,0,0,0,4,2,2,4,3,2,3,4,3,4
0,0,0,0,0,0,3,3,5,1,5,5,5,1,1
0,0,0,0,0,0,0,3,3,2,1,4,4,2,1
0,0,0,0,0,0,0,5,4,1,4,3,2,4,3
0,0,0,0,0,0,0,0,3,2,2,2,3,2,4
0,0,0,0,0,0,0,0,0,1,1,2,1,1,2
0,0,0,0,0,0,0,0,0,0,3,2,1,3,4
0,0,0,0,0,0,0,0,0,0,0,2,3,2,2
0,0,0,0,0,0,0,0,0,0,0,0,1,1,2
0,0,0,0,0,0,0,0,0,0,0,0,0,3,4
0,0,0,0,0,0,0,0,0,0,0,0,0,0,2

