Room
8
center_island
2,2
width
3.95, 2.4, 3.6, 4.5, 11.0, 9.1, 12.0, 13.6
flow
0, 287, 688, 961, 229, 10908, 5797, 0
0, 22, 0, 0, 958, 170, 0, 0
498, 0, 0, 2, 0, 3177, 0, 44
0, 0, 0, 7882, 20, 0, 1878, 1298
0, 0, 0, 12, 2732, 0, 0, 334
6122, 2, 0, 23782, 2, 4, 3792, 9162
0, 82, 0, 0, 1882, 0,1550, 12
2, 8, 29186, 2416, 26, 4, 0, 15380
limit_row
64.0,52.1,59.3
limit_wid
2,2,2
corridor
2
adj
0,0,1,1,2,2,3,5
0,0,0,1,2,3,4,5
0,0,0,2,3,3,4,5
0,0,0,0,3,5,4,5
0,0,0,0,0,3,4,5
0,0,0,0,0,0,4,5
0,0,0,0,0,0,0,5
0,0,0,0,0,0,0,0